0.4974916164281815
0.49498335911494273
0.4924753542934444
0.48996772814601874
0.48746060677878333
0.4849541161962866
0.4824483822761977
0.4799435307440484
0.47743968714804275
0.4749369768339407
0.4724355249200284
0.4699354562721858
0.4674368954790601
0.4649399668273614
0.46244479427727925
0.45995150143804475
0.4574602115436391
0.4549710474286578
0.40723571835391165
0.404999627161335
0.40276577845210104
0.35603047211158123
0.35404910543585977
0.30806126856477145
0.3063316505878045
0.3046041964805638
0.3028789889726443
0.3011561103527321
0.2994356424533718
0.2977176666359211
0.2960022637756983
0.2945341927513838
0.29282378595845376
0.2911161803541029
0.28941145480266794
0.2877096876132503
0.2860109565261066
0.28431533869926373
0.28262291069537043
0.2809337484687827
0.2792479273528936
0.2775655220477067
0.2758866066076601
0.2742112544297029
0.27253953824162774
0.2708715300906654
0.26920730133233983
0.2675469226195915
0.2658904638921687
0.26423799436629103
0.2625895825245869
0.26094529610630834
0.2593052020978234
0.2576693667233898
0.25603785543621227
0.21809953625416076
0.21670858530052456
0.2153215036920077
0.21393834483240665
0.21255916143011552
0.2111840054919333
0.2098129283171176
0.20844598049169044
0.20708321188299328
0.2057246716344904
0.20437040816082463
0.20302046914312122
0.2016749015245412
0.20033375150608485
0.19899706454264265
0.1976648853392952
0.19633725784785877
0.1950142252636783
0.19369583002266497
0.19238211379857822
0.19107311750054845
0.1899869160226552
0.18868668477845596
0.1873912850379217
0.18610075476019827
0.1848151311312581
0.18353445056280865
0.18225874869142947
0.18098806037794096
0.1797224197069973
0.1784618599869051
0.17720641374966256
0.1759561127512193
0.17491822147804548
0.17367743370075256
0.17244187691739704
0.17121157991536978
0.16998657071027354
0.16876687654740813
0.16755252390345418
0.1663435384883553
0.16513994524739334
0.16394176836345492
0.16274903125948498
0.16156175660112562
0.16037996629953422
0.15920368151438016
0.15803292265701616
0.1568677093938183
0.15570806064969483
0.15455399461175803
0.15340552873315585
0.15226267973706015
0.15112546362080728
0.14999389566018867
0.14886799041388607
0.1477477617280486
0.14663322274100832
0.1455243858881298
0.14442126290679072
0.14332386484148874
0.14223220204907233
0.14114628420409042
0.14006612030425844
0.1389917186760358
0.13792308698031205
0.1141386845549626
0.11325730962116225
0.11238075837158903
0.11150903507423342
0.11081590863297393
0.10995288515881926
0.10909469870072468
0.10824135154063916
0.10739284545045258
0.10654918169745034
0.10571036104982626
0.1048763837822507
0.10404724968149007
0.10322295805207618
0.10240350772202196
0.10158889704858072
0.10077912392404623
0.09997418578159095
0.09917407960113991
0.09853901605832198
0.09774759707094507
0.09696099908984913
0.09617921742865079
0.09540224697632929
0.09463008220325327
0.09386271716722525
0.09310014551954197
0.09234236051106756
0.0915893549983176
0.09084112144955174
0.09009765195087252
0.08935893821232814
0.08862497157401703
0.08789574301219205
0.08717124314536265
0.08645146224039199
0.08573639021858803
0.08502601666178586
0.08432033081841998
0.08361932160958405
0.08292297763507657
0.08223128717943103
0.08154423821792788
0.08086181842258755
0.08018401516814251
0.07951081553798636
0.07884220633009917
0.07817817406294665
0.07751870498135265
0.07686378506234239
0.0762134000209562
0.07556753531603144
0.07492617615595203
0.07428930750436366
0.07365691408585398
0.07302898039159635
0.0724054906849558
0.07178642900705685
0.07117177918231077
0.0705615248239029
0.06995564933923751
0.0693541359353406
0.06875696762421836
0.0681641272281718
0.06757559738506576
0.06699136055355166
0.06641139901824358
0.06583569489484688
0.065264230135238
0.064696986532496
0.06413394572588392
0.06357508920578048
0.06302039831856077
0.062469854271426
0.061923438137181354
0.06138113085896183
0.06084291325490556
0.060308766022773984
0.05977866974451902
0.05925260489079646
0.05873055182542537
0.058212490809793446
0.057698402007207925
0.05718826548719178
0.05668206122972504
0.056179769129431255
0.05568136899970879
0.0551868405768068
0.05469616352384586
0.05420931743478351
0.05372628183832388
0.05324703620177225
0.05277155993483403
0.05229983239335832
0.05183183288302625
0.051367540662983754
0.05090693494941932
0.05044999491908675
0.04999669971277255
0.04954702843870899
0.04910096017593215
0.04865847397758548
0.04821954887416931
0.04778416387673605
0.04735229798003161
0.04692393016558316
0.046499039404733655
0.04607760466162309
0.045659604896117055
0.04524501906668277
0.04483382613321286
0.044426005059797255
0.0440215348174437
0.043620394386746635
0.043222562760505796
0.04290627098779416
0.04251434483762921
0.042125668755999254
0.04174022180478588
0.041357983069953266
0.04097893166387878
0.04060304672763546
0.040230307433226656
0.03986069298577335
0.03949418262565442
0.03913075563060056
0.038770391317742056
0.03841306904561082
0.03805876821609759
0.03770746827636416
0.03735914872071138
0.03701378909240367
0.03667136898544989
0.03633186804634163
0.03599526597574903
0.03566154253017489
0.03533067752356719
0.03500265082889091
0.03467744237965938
0.034355032171425645
0.03403540026323454
0.03371852677903571
0.033404391909058244
0.033092975911147376
0.032784259112063674
0.03247822190874534
0.03217484476953394
0.03193414774782187
0.03163550897324794
0.031339475967163806
0.03104602947983289
0.030755150338312442
0.030466819447477495
0.030181017791011754
0.029897726432365816
0.029616926515683283
0.029338599266695055
0.029062725993582568
0.02878928808781032
0.02851826702492808
0.02824964436534333
0.02798340175506453
0.027719520926415452
0.027457983698721176
0.027198771978966235
0.026941867762425332
0.02668725313326701
0.026434910265130895
0.026184821421678862
0.02593696895712051
0.02569133531671356
0.025447903037239435
0.02520665474745467
0.024967573168518303
0.024730641114395994
0.024495841492241016
0.024263157302752796
0.024032571640513176
0.023804067694301007
0.0235776287473854
0.023353238177798028
0.023130879458584937
0.022910536158038224
0.02273530417428607
0.02251855075860514
0.02230376724205784
0.022090937556612837
0.02188004573033272
0.021671075887496567
0.021464012248705033
0.021258839130968182
0.02105554094777665
0.020854102209156268
0.020654507521706694
0.020456741588624268
0.020260789209709508
0.0200666352813595
0.019874264796545724
0.019683662844777308
0.019494814612050403
0.019307705380783757
0.019122320529740857
0.018938645533939057
0.018756665964545834
0.018576367488762645
0.018397735869696553
0.018220756966220004
0.018045416732819026
0.017871701219430068
0.017699596571265932
0.017529089028630873
0.01736016492672531
0.017192810695440316
0.017027012859142224
0.016862758036447517
0.01670003293998842
0.01653882437616928
0.016379119244914093
0.01622090453940537
0.016064167345814662
0.015908894843024858
0.0157550743023446
0.015602693087215055
0.015451738652909127
0.015302198546223545
0.015154060405163847
0.015007311958622638
0.014861941026051212
0.01471793551712484
0.014575283431401843
0.014433972857976757
0.014293991975127684
0.014155329049958093
0.014017972438033214
0.0138819105830113
0.013747132016269809
0.013613625356526788
0.013481379309457637
0.013350382667307356
0.013220624308498513
0.013092093197235066
0.01296477838310223
0.012838669000662523
0.01271375426904818
0.012590023491550034
0.012467466055203127
0.01234607143036905
0.012225829170315299
0.012106728910791708
0.011988760369604117
0.011871913346185427
0.011756177721164163
0.011641543455930688
0.011528000592201196
0.011415539251579588
0.011304149635117392
0.011193822022871844
0.01108454677346218
0.010976314323624404
0.010869115187764442
0.010784052066735106
0.010678689616049444
0.01057433432598438
0.01047097700201179
0.010368608525111494
0.010267219851317858
0.010166802011265637
0.010067346109735089
0.009968843325196514
0.009871284909354251
0.00977466218669028
0.009678966554007481
0.009584189479972617
0.009490322504659206
0.009397357239090229
0.009305285364780905
0.009214098633281473
0.009123788865720166
0.009034347952346368
0.008945767852074073
0.008858040592025699
0.008771158267076322
0.00868511303939841
0.00859989713800711
0.008515502858306124
0.008431922561634327
0.008349148674813053
0.008267173689694209
0.008185990162709258
0.008121701147977676
0.008041922824487015
0.007962915464389916
0.007884671865369737
0.007807184887538033
0.007730447452989503
0.007654452545358091
0.0075791932093743465
0.007504662550424058
0.007430853734108206
0.00735775998580427
0.0072853745902289645
0.007213690891002382
0.007142702290213622
0.007072402247987955
0.007002784282055492
0.006933841967321473
0.006865568935438137
0.006797958874378264
0.006731005528010354
0.006664702695675555
0.006599044231766269
0.00653402404530657
0.006469636099534358
0.006405874411485343
0.006342733051578868
0.006280206143205576
0.006218287862316946
0.0061569724370167545
0.006096254147154435
0.006036127323920374
0.005976586349443183
0.005917625656388928
0.0058592397275623615
0.0058014230955101545
0.005744170342126163
0.005687476098258722
0.0056313350433200016
0.005575741904897421
0.0055206914583671475
0.005466178526509687
0.005412197979127559
0.005358744732665107
0.005305813749830419
0.005253400039219375
0.005201498654941845
0.005150104696250027
0.005099213307168939
0.005048819676129074
0.00499891903560124
0.004949506661733536
0.0049005778739905515
0.004852128034794718
0.004804152549169858
0.0047566468643869325
0.004709606469611975
0.004663026895556229
0.004616903714128477
0.004571232538089584
0.004526009020709236
0.00448122885542488
0.004436887775502876
0.004392981553701851
0.004349506001938251
0.004306456970954114
0.004263830349987027
0.004221622066442296
0.004179828085567309
0.004138444410128108
0.004097467080088142
0.004056892172289221
0.004016715800134661
0.003976934113274611
0.003937543297293565
0.003898539573400047
0.0038599191981184876
0.003821678462983244
0.0037838136942348125
0.003746321252518178
0.0037091975325833394
0.003672438962987965
0.003636042005802212
0.003600003156315658
0.003564318942746393
0.003528985925952215
0.0034940006991439564
0.0034593598876009107
0.0034250601483883773
0.003391098170077296
0.0033574706724659718
0.0033241744063038877
0.0032912061530175835
0.0032585627244386137
0.0032262409625335537
0.0031942377391360618
0.0031625499556809837
0.0031311745429404925
0.003100108460762251
0.0030693486978095935
0.0030388922713037135
0.003008736226767855
0.002978877637773487
0.0029493136056884623
0.002920041259427153
0.0028910577552025358
0.002862360276280242
0.0028339460327345464
0.0028058122612062836
0.002777956224662697
0.0027503752121591993
0.002723066538603031
0.00269602754451882
0.0026692555958160204
0.0026427480835582258
0.0026165024237343537
0.0025905160570316678
0.002564786448610656
0.0025393110878817377
0.002514087488283792
0.0024891131870645
0.0024643857450624826
0.0024399027464912415
0.002415661798724866
0.002391660532085518
0.002367896599632679
0.0023443676769541325
0.0023210714619587014
0.002298005674670701
0.0022751680570261106
0.0022525563726704524
0.0022301684067583686
0.0022080019657548756
0.002186054877238298
0.002164324989704859
0.0021428101723749335
0.002121508315000932
0.002100417327676819
0.002079535140649254
0.002058859704130338
0.002038388988111957
0.002018120982181719
0.001998053695340462
0.0019781851558213323
0.001958513410910414
0.0019390365267689066
0.0019197525882568365
0.0019006596987582915
0.0018817559800081655
0.0018630395719204083
0.0018445086324177663
0.0018261613372630016
0.0018079958798915892
0.0017900104712458606
0.0017722033396106104
0.0017545727304501334
0.001737116906246693
0.0017198341463404063
0.0017027227467705402
0.001685781020118195
0.0016690072953503925
0.0016523999176655227
0.001635957248340162
0.0016196776645772582
0.0016035595593556443
0.0015876013412809025
0.001571801434437545
0.0015561582782425139
0.001540670327299986
0.001525336051257474
0.0015101539346632114
0.001495122476824815
0.0014802401916692138
0.00146550560760383
0.0014509172673790097
0.0014364737279516917
0.0014221735603502966
0.0014080153495408423
0.0013939976942942574
0.0013801192070548994
0.00136637851381026
0.0013527742539618491
0.0013393050801972454
0.0013259696583633115
0.001312766667340563
0.0012996947989186679
0.0012867527576730909
0.0012739392608428547
0.0012612530382094163
0.001248692831976649
0.0012362573966519228
0.001223945498928267
0.0012141454886837378
0.0012020532710080773
0.0011900811977727326
0.0011782280809563936
0.0011664927441723287
0.0011548740225566896
0.0011433707626578376
0.0011319818223266924
0.0011207060706080883
0.0011095423876331342
0.0010984896645125706
0.001087546803231107
0.0010767127165427386
0.001065986327867032
0.0010553665711863724
0.0010448523909441627
0.0010344427419439655
0.001024136589249585
0.0010139329080860752
0.001003830683741668
0.000993828911470616
0.0009839265963969411
0.0009741227534190757
0.0009644164071153979
0.0009548065916506465
0.0009452923506832106
0.0009358727372732857
0.0009265468137918901
0.000917313651830731
0.0009081723321129158
0.0008991219444045012
0.0008901615874268706
0.0008812903687699352
0.0008725074048061499
0.0008638118206053359
0.0008552027498503071
0.0008466793347532894
0.0008382407259731248
0.0008298860825332593
0.000821614571740501
0.0008134253691045466
0.0008053176582582672
0.0007972906308787453
0.0007893434866090602
0.000781475432980812
0.000773685685337378
0.0007659734667578977
0.0007583380079819758
0.0007507785473350987
0.0007432943306547605
0.0007358846112172876
0.000728548649665359
0.0007212857139362145
0.0007140950791905452
0.0007069760277420604
0.0006999278489877251
0.0006929498393386599
0.0006860413021516994
0.0006792015476616044
0.0006724298929139162
0.0006657256616984568
0.0006590881844834575
0.0006525167983503222
0.0006460108469290079
0.0006395696803340273
0.000633192655101061
0.0006268791341241756
0.0006206284865936432
0.0006144400879343557
0.0006083133197448293
0.0006022475697367924
0.0005962422316753542
0.0005902967053197433
0.0005844103963646202
0.0005785827163819488
0.0005728130827634265
0.0005671009186634683
0.0005614456529427384
0.0005558467201122244
0.000550303560277849
0.0005448156190856148
0.0005393823476672765
0.0005340032025865366
0.0005286776457857601
0.0005234051445331997
0.0005181851713707322
0.0005130172040620991
0.0005079007255416433
0.0005028352238635435
0.0004978201921515377
0.0004928551285491306
0.00048793953617028336
0.0004830729230505803
0.0004782548020988658
0.0004734846910493504
0.0004687621124141783
0.00046408659343645574
0.00045945766604373197
0.00045487486680193255
0.00045033773686973665
0.00044584582195339814
0.00044139867226200324
0.000436995842463162
0.00043263689163912974
0.000428321383243354
0.0004240488850574424
0.0004198189691485492
0.00041563121182717426
0.00041148519360537295
0.0004073804991553707
0.00040331671726858055
0.0003992934408150191
0.00039531026670311603
0.0003913667958399147
0.0003874626330916607
0.0003835973872447728
0.00037977067096719405
0.0003759821007701193
0.0003722312969700945
0.0003685178836514866
0.0003648414886293174
0.00036120174341246084
0.0003575982831671979
0.00035403074668112754
0.00035049877632742973
0.00034700201802947565
0.00034354012122578487
0.00034011273883532316
0.00033671952722313985
0.00033336014616634004
0.00033003425882038975
0.0003267415316857491
0.0003234816345748324
0.00032025424057929115
0.0003170590260376157
0.0003138956705030549
0.0003107638567118485
0.00030766327055177067
0.00030459360103098114
0.0003015545402471809
0.00029854578335706974
0.0002955670285461038
0.00029261797699854685
0.0002896983328678173
0.0002868078032471241
0.00028394609814039065
0.00028111293043346376
0.0002783080158656046
0.00027553107300125893
0.0002727818232021048
0.00027005999059937256
0.0002673653020664387
0.00026469748719168667
0.0002620562782516346
0.0002594414101843266
0.00025685262056298556
0.0002542896495699235
0.0002517522399707095
0.00024924013708859007
0.00024675308877916127
0.0002442908454052896
0.00024185315981227915
0.00023943978730328226
0.00023705048561495305
0.00023468501489333883
0.00023234313767000965
0.00023002461883842154
0.00022772922563051284
0.00022545672759353083
0.00022320689656708535
0.0002209795066604291
0.00021877433422996128
0.0002165911578569521
0.00021442975832548731
0.00021228991860062905
0.00021017142380679211
0.00020807406120633328
0.00020599762017835103
0.00020394189219769438
0.00020190667081417842
0.0001998917516320046
0.00019789693228938372
0.00019592201243835974
0.0001939667937248325
0.00019203107976877736
0.00019011467614465967
0.00018821739036204276
0.00018633903184638641
0.00018447941192003555
0.0001826383437833955
0.00018081564249629388
0.00017901112495952585
0.00017722460989658148
0.00017545591783555344
0.00017370487109122335
0.0001719712937473248
0.0001702550116389816
0.00016855585233531916
0.00016687364512224797
0.0001652082209854168
0.000163559412593334
0.00016192705428065603
0.00016031098203164086
0.00015871103346376476
0.00015712704781150087
0.00015555886591025821
0.0001540063301804794
0.00015246928461189562
0.00015094757474793687
0.00014944104767029677
0.0001479495519836495
0.00014647293780051813
0.00014501105672629278
0.00014356376184439625
0.0001421309077015969
0.00014071235029346695
0.00013930794704998406
0.00013791755682127565
0.00013654103986350448
0.000135178257824893
0.00013382907373188764
0.000132493351975458
0.0001311709582975335
0.00012986175977757294
0.00012856562481926753
0.00012728242313737572
0.000126012025744688
0.0001247543049391212
0.00012350913429094002
0.00012227638863010547
0.00012105594403374882
0.00011984767781376899
0.00011865146850455338
0.00011746719585082008
0.00011629474079558042
0.00011513398546822103
0.00011398481317270398
0.00011284710837588352
0.00011172075669593888
0.00011060564489092178
0.00010950166084741717
0.00010840869356931665
0.00010732663316670291
0.00010625537084484465
0.00010519479889330029
0.00010414481067513005
0.00010310530061621466
0.00010207616419468045
0.00010105729793042858
0.00010004859937476898
9.904996710015643e-05
9.806130069002882e-05
9.708250072874601e-05
9.611346879162864e-05
9.515410743509564e-05
9.420432018689977e-05
9.326401153645984e-05
9.233308692528889e-05
9.141145273751752e-05
9.049901629051107e-05
8.95956858255802e-05
8.870137049878324e-05
8.781598037182015e-05
8.693942640301683e-05
8.607162043839892e-05
8.521247520285407e-05
8.436190429138215e-05
8.351982216043222e-05
8.268614411932558e-05
8.186078632176378e-05
8.10436657574214e-05
8.023470024362184e-05
7.943380841709605e-05
7.864090972582304e-05
7.785592442095148e-05
7.707877354880143e-05
7.630937894294556e-05
7.55476632163692e-05
7.479354975370804e-05
7.404696270356303e-05
7.330782697089174e-05
7.257606820947505e-05
7.185161281445909e-05
7.113438791497083e-05
7.042432136680752e-05
6.97213417451984e-05
6.90253783376385e-05
6.833636113679372e-05
6.765422083347626e-05
6.697888880969007e-05
6.631029713174532e-05
6.564837854344116e-05
6.499306645931665e-05
6.434429495796842e-05
6.370199877543479e-05
6.306611329864596e-05
6.2436574558939e-05
6.181331922563751e-05
6.119628459969501e-05
6.058540860740152e-05
5.9980629794152835e-05
5.9381887318281825e-05
5.878912094495077e-05
5.820227104010475e-05
5.762127856448502e-05
5.704608506770199e-05
5.647663268236709e-05
5.5912864118283e-05
5.535472265669186e-05
5.480215214458043e-05
5.4255096989042064e-05
5.371350215169469e-05
5.3177313143154394e-05
5.264647601756397e-05
5.212093736717586e-05
5.1600644316989005e-05
5.108554451943915e-05
5.05755861491418e-05
5.0070717897687694e-05
4.957088896848991e-05
4.9076049071682335e-05
4.858614841906882e-05
4.810113771912277e-05
4.7620968172036237e-05
4.7145591464818525e-05
4.667495976644351e-05
4.620902572304517e-05
4.5747742453161005e-05
4.529106354302284e-05
4.4838943041894425e-05
4.439133545745552e-05
4.394819575123185e-05
4.350947933407066e-05
4.307514206166117e-05
4.264514023009978e-05
4.22194305714993e-05
4.1797970249641995e-05
4.146399792329473e-05
4.105007817578332e-05
4.0640290100038925e-05
4.0234592461137057e-05
3.983294443555355e-05
3.9435305607062745e-05
3.904163596267634e-05
3.865189588862286e-05
3.826604616636706e-05
3.7884047968668946e-05
3.7505862855682135e-05
3.713145277109096e-05
3.67607800382862e-05
3.639380735657874e-05
3.6030497797451005e-05
3.5670814800845754e-05
3.5314722171491845e-05
3.496218407526651e-05
3.461316503559399e-05
3.426762992987995e-05
3.392554398598141e-05
3.358687277871191e-05
3.3251582226381443e-05
3.291963858737084e-05
3.259100845674033e-05
3.226565876287187e-05
3.194355676414491e-05
3.1624670045645244e-05
3.13089665159067e-05
3.099641440368537e-05
3.068698225476575e-05
3.0380638928798958e-05
3.0077353596172314e-05
2.9777095734910108e-05
2.947983512760527e-05
2.918554185838168e-05
2.8894186309886648e-05
2.8605739160313436e-05
2.8320171380453377e-05
2.8037454230777445e-05
2.775755925854687e-05
2.7480458294952543e-05
2.7206123452282925e-05
2.693452712112024e-05
2.6665641967564512e-05
2.639944093048536e-05
2.6135897218801113e-05
2.587498430878508e-05
2.5616675941398624e-05
2.5360946119650945e-05
2.5107769105984976e-05
2.4857119419689516e-05
2.4608971834337057e-05
2.4363301375247153e-05
2.4120083316975145e-05
2.3879293180825828e-05
2.3640906732391973e-05
2.3404899979117324e-05
2.3171249167883946e-05
2.293993078262357e-05
2.27109215419528e-05
2.2484198396831858e-05
