0.9941841616192317
0.9807732361578931
0.9658220805760265
0.9454273360434512
0.931539364658693
0.9162425167114268
0.8976435811380222
0.8634943084055496
0.8407479541402609
0.8215385303462269
0.7975656801299744
0.770832287374418
0.7519965950064714
0.7226720871070075
0.7010140153540293
0.672724509879275
0.6414839297982206
0.6159456171085166
0.5867276003784497
0.5577583652800147
0.5257124018462167
0.49928751341520183
0.46982960751998365
0.4355775424840554
0.40533222001494296
0.3760271533688983
0.34605742008921714
0.31294900339319637
0.2829006314708536
0.2536515728207742
0.22518209238740639
0.19518139917845656
0.16594596736165568
0.13702373827975067
0.10866769268646996
0.08109129098021647
0.05395162540420024
0.026708124644780725
0.0002449351844624169
-0.025984707536218305
-0.05216425513234953
-0.07772609060483898
-0.10132542691722006
-0.12479243098810867
-0.1471999065526207
-0.16957914921446507
-0.18921336080487033
-0.20967139150136685
-0.23035006833538954
-0.24765880737653884
-0.26633771146178675
-0.28371275338272534
-0.30051146562829184
-0.3167847287625246
-0.3300108600854125
-0.34632151026578967
-0.35765556688773087
-0.3698230351027767
-0.37969675139755793
-0.3947597459214942
-0.4006001965630594
-0.4083051871352552
-0.4158151649553271
-0.4239561203376666
-0.435286823536897
-0.4418143734276068
-0.4491818421023499
-0.45149389332340906
-0.4537517386914961
-0.44537238462860973
-0.4439447257980657
-0.4389302590264376
-0.44029246214002105
-0.4418473508712126
-0.44081567864315413
-0.4399540821985145
-0.4309478993282458
-0.4267909735365494
-0.42472815370493866
-0.4201364246714143
-0.4148915083892892
-0.40996577496368714
-0.40803610092674836
-0.4054198273985551
-0.3976660479257061
-0.38850341625086404
-0.3840399730837042
-0.37462601953155
-0.36387891354854573
-0.35108460682827314
-0.34034771926336976
-0.32920485959804824
-0.3192404177316532
-0.31031614692528336
-0.3023595889064912
-0.29027086066994723
-0.27589991288191656
-0.2620105398414467
-0.24988545012458016
-0.23502356190704676
-0.2212251144894626
-0.20471326295998946
-0.18834254432018474
-0.17499655235601702
-0.16199760148629452
-0.14847330563227662
-0.13448055086811006
-0.11931256183038245
-0.10673686409636449
-0.0921800334225583
-0.08011339792259065
-0.06656984813483217
-0.05221898396386827
-0.03927683335771514
-0.02650753426429681
-0.013897691197031147
-0.0014675706677511528
0.010776257451257883
0.022657895578161315
0.03453868886824781
0.0461277684524575
0.05649628930016932
0.06760570274880065
0.07857630271004261
0.08860725696192817
0.09796632356090634
0.10633148531825978
0.11569041447073473
0.12409661511754262
0.1332093026874118
0.1423945707499008
0.15053237055949525
0.15601638193546766
0.16179599865660046
0.1701777043731007
0.1756896775865948
0.1834966627615488
0.19048523840097778
0.19477202067936009
0.1936658824837714
0.19692993352412694
0.19970200189698012
0.2021194844735483
0.20600168686341847
0.21020577733917015
0.21201269725488905
0.2148125753042366
0.21509416992060237
0.21862052470259272
0.21662969539990015
0.21344977680073995
0.21137958722685665
0.21045356198482978
0.20914698779089577
0.20749915193546828
0.2055137059969026
0.20018266753478686
0.2005783094729821
0.19989060606713724
0.19962785093153254
0.1975475628669123
0.19516735112496691
0.1939401173010385
0.19167300612411844
0.18558117437343932
0.17930216277198927
0.17420042201427557
0.16889509394673252
0.16340047958142606
0.1577309901276366
0.14704351996152326
0.1388464352125748
0.13413016791722623
0.12920998584274251
0.12518068810644897
0.12039813796188029
0.1139562394732481
0.1074120147577386
0.10173338974895157
0.09424595729746725
0.08763012106251158
0.08065047467478441
0.07373038133221195
0.0682727867123538
0.06293089325641814
0.05748032036957171
0.050567413325387923
0.04513323835350224
0.03851869321613557
0.03234899962815584
0.02566758177697
0.019602801747014325
0.013428087745535285
0.00714675184724385
0.0013197331708365491
-0.0046994385641335795
-0.010449549140864722
-0.01605890089680652
-0.021706123279681147
-0.027040850339810407
-0.0320906647839176
-0.03688289056819334
-0.042162811072847146
-0.04678974445447984
-0.049880525015120386
-0.05394902569939967
-0.057804648929202306
-0.06086916400096049
-0.06486692607021363
-0.06868711701894663
-0.0713921631779694
-0.07494631291629154
-0.07787935177625414
-0.08143320450149678
-0.08406085697040468
-0.0869387861109919
-0.08919473949350899
-0.08942873414824894
-0.09172374033709525
-0.09385086106297234
-0.09483036754205375
-0.0975475039018336
-0.09861795698390376
-0.09951836915419231
-0.10076350217570168
-0.09914666332642377
-0.09891801093371677
-0.09960976599889615
-0.09791519040080593
-0.09716700764389516
-0.09621484143024164
-0.09508425019324847
-0.09549200017089331
-0.09235994005170305
-0.09191005116899084
-0.08907063383357787
-0.08891733979310644
-0.08694783150010509
-0.08596823219070876
-0.0870693807658103
-0.08688631092532657
-0.08495420395273459
-0.08449740142308208
-0.0828311074823591
-0.07846324653751267
-0.07712090585760902
-0.07517879929734936
-0.07312255664496728
-0.07094188929161709
-0.0704600749461275
-0.06979100866506498
-0.06638534737217268
-0.06217589111160687
-0.059528219045226344
-0.05569182549932167
-0.052411845497891345
-0.04866463815843529
-0.045268672934272974
-0.04160697228215631
-0.03941911767036004
-0.0360497690497788
-0.033715889703835523
-0.03183135812042864
-0.028392396736370083
-0.02349166401872965
-0.021035258935344154
-0.01849231356105881
-0.01557954618181184
-0.012820326127150967
-0.009761729555680006
-0.007223100231938341
-0.004187740622268926
-0.0014160532596708265
0.0014660743524141221
0.004297421755414707
0.0070042973248528335
0.009895995979189283
0.012679524251062717
0.014674131007072504
0.01678786254173061
0.018823322606613273
0.02125705460918007
0.023488931663519452
0.025696740524915114
0.027712505151661036
0.029746222533213865
0.03215079712556214
0.03361592313886151
0.03522156229439686
0.035220769979732995
0.037064063931269375
0.03852817983248204
0.04056780730959106
0.041981736057589675
0.04358603223123358
0.04484907637360379
0.046027664183213926
0.04710308440609661
0.04739949041585388
0.04768743667951031
0.04885106293521609
0.04956831249573745
0.05091348838177275
0.05147094586526566
0.05079369739388744
0.051159264143031104
0.05222601635080775
0.0512267431826592
0.05133364856837317
0.05135884779707803
0.051295950098865076
0.05115006149265937
0.05011979258295392
0.05021789833583184
0.04983358600032842
0.05016818847868418
0.04805776859731857
0.04745354970922897
0.04831429525294566
0.046420403034716416
0.04334874014190526
0.04252434370644244
0.04017026513458659
0.03922929749587195
0.038233124881548716
0.0378781773579049
0.03610273914198116
0.03496456910326132
0.03377084432640017
0.03259238658286376
0.031315625322683296
0.028877368774563796
0.027052019082903268
0.026250895529252426
0.024410413617147162
0.02259109331593367
0.021013351383873
0.020470791866128393
0.019463151441657084
0.01833698599030085
0.01680041505231293
0.014671776897694137
0.012903265229257135
0.011181714795469092
0.009510055674424
0.008196395057996197
0.006744832008580909
0.005295916937856921
0.0037533446896421837
0.002371212199773828
0.0009268386743696958
-0.00046361826835868256
-0.0018424240606873504
-0.003063015123671882
-0.004285553671477353
-0.005366195109831523
-0.006374668488131568
-0.007296047146342662
-0.00844677415785094
-0.009623393427556168
-0.010315754217731586
-0.01140253219768269
-0.01233792105509016
-0.013477860772107934
-0.01458831626216798
-0.0157352023810773
-0.01627506400748663
-0.01638492339442477
-0.016926395170022746
-0.01801010878711132
-0.01948536819911503
-0.019747514753315945
-0.020379960765759198
-0.02005216484670826
-0.021047661975358484
-0.02201601703799486
-0.021556797475726388
-0.02245548676698084
-0.02333543525328557
-0.02368335415349465
-0.023462723602071925
-0.023719974315699596
-0.025002971605887412
-0.025195583973407765
-0.024519509071046604
-0.024614638456674377
-0.0257711020134832
-0.02578875506626754
-0.026318706418423068
-0.026253011247026864
-0.025591418450580022
-0.02544329240012699
-0.025529524698965238
-0.02421469835245121
-0.023961331514910263
-0.022603381743035434
-0.021761537344035638
-0.02090127674865724
-0.02054370623994695
-0.01964800570856197
-0.019233730752828828
-0.018792121734076173
-0.01738485193840659
-0.017384655283845724
-0.01576927287337127
-0.014854940164686095
-0.014786913805782302
-0.014254179847080902
-0.012922611299804135
-0.013165792958670604
-0.012192635304739359
-0.010547453118385302
-0.009672776696288968
-0.008787483997412781
-0.008563155599718613
-0.008002943856585301
-0.007141765966178429
-0.006985573989314907
-0.006138271283869605
-0.005465213272343791
-0.004895189222488395
-0.003952597961165332
-0.0034159139313027324
-0.002878875180715309
-0.0024712921993608815
-0.00191734590224242
-0.001513378237061056
-0.0009459338532580452
-0.00038246324309802564
0.00014101987694629554
0.000780962870953014
0.001252387989655758
0.0017552478664743724
0.002232179766388872
0.0026277759455270774
0.0031111534954980503
0.0035528728629813126
0.003844362317263669
0.004002625787133853
0.004316136255016634
0.004702989887336441
0.005053236399063631
0.0049757595291648376
0.0047315594665881386
0.005375247322141616
0.005649783495880246
0.005898550891846478
0.0061352827935920754
0.006760810697254659
0.006701948202839413
0.006906920459632681
0.007098640990930197
0.007276926684677315
0.007441618158193539
0.007917948752835703
0.007048013559198078
0.007157900488065163
0.006914518367889221
0.007345460649076734
0.0077750215247295845
0.008201302988859066
0.008626529400752626
0.008295324045658924
0.007953052235355324
0.007594145606082244
0.008341162790495056
0.007944025879014263
0.007534142021396493
0.007491032937715279
0.007813646154218232
0.008121622832936458
0.0084133930726908
0.008687440634633748
0.008578344333096954
0.008457502445876005
0.007601700334468722
0.007462149516701375
0.00731181671003002
0.006814458673697054
0.006650614879365406
0.0068071578154929565
0.006640137437233371
0.007071701156060481
0.007164196642986888
0.006636703720300133
0.006397817946048319
0.006429325251011949
0.005369752048945503
0.005128876291676443
0.0053775852756047775
0.005598767401893067
0.005060452092139668
0.004764538944267636
0.00465493386497955
0.004337807358215488
0.004016739245471895
0.0031067943369625216
0.002810268194365989
0.0024991944383288217
0.0018366482364533413
0.0015863803793240985
0.0011539750129706072
0.000916720426101919
0.0006929363971729894
0.00048302725534839344
0.00019633320975272211
2.9394781754733535e-05
-0.00020070265155989125
-0.00040105828504458264
-0.0006256455526492439
-0.0008489988986176809
-0.0010976871755188436
-0.001335924876450595
-0.0015001486373462378
-0.0017635461687015288
-0.001916876830468445
-0.0021117752758081764
-0.0023935510387384494
-0.0025882520686548163
-0.002776815094483498
-0.002835535052642389
-0.0030011878806605555
-0.00316031659179481
-0.003312726341751794
-0.003305673032467416
-0.00343517574552735
-0.003371646069409487
-0.003479797612831295
-0.003395054918485949
-0.0036828753645948634
-0.003770137900604958
-0.0036430024647015414
-0.003496240975595783
-0.00343435679520505
-0.0034801787777356485
-0.0035198799173357643
-0.0037922867277847532
-0.003823496306997109
-0.003848170463967667
-0.003866333673841272
-0.004126377523022506
-0.004131633888031241
-0.004132968313068054
-0.004127559014664966
-0.004115178512656804
-0.0033286168299859185
-0.003045739523753508
-0.0027596430033992652
-0.002981168626975838
-0.0026894722389623335
-0.002647851118133029
-0.0026023303347244976
-0.0028006672404331835
-0.0022418930227959635
-0.0026696778576772193
-0.0023668076921556053
-0.0023054273345994606
-0.002467127649100914
-0.0023966991413815904
-0.002103916199424554
-0.002028254661915607
-0.001955916630623827
-0.001893191201825116
-0.0020083216048693833
-0.0017090534312159949
-0.0016223721581070415
-0.0017108694880630278
-0.0014584536712436646
-0.0012122651022432197
-0.0006550478927409504
-0.0005921199515067894
-0.0006683501629248951
-0.00047348360122152235
-0.00040997503803015805
-0.000593044150039997
-0.0006364414364404659
-0.0006464835314356164
-0.0006394578028121999
-0.0005341290981677578
-0.00034778173703923853
-0.0005590844095450875
-0.0003649750021557303
-0.0002992361728599062
-0.00017039985041577215
-4.722777198801146e-06
0.00013920510534781364
0.00025571575051688226
0.00036574728101571805
0.0004599154055948768
0.0005379503390114354
0.0006860359776774626
0.0008184320509974138
0.0009481804181889897
0.0010084132577047372
0.0011090131195544228
0.0011688761600191456
0.0012029719586220367
0.001347893942779942
0.0015187195859230746
0.0016044605630039022
0.0016934391794897938
0.001778775973617131
0.001968216421859002
0.0019324912664387276
0.001611743694090029
0.0019055299006942971
0.0018336449172986495
0.0016137753311122023
0.001651326535281223
0.0018250704035061057
0.0018655565267722853
0.0020462222231166357
0.002083843876723891
0.0021208891600509486
0.0021506690708989577
0.0020156553949949967
0.0025329971128476322
0.002389207215533992
0.002404935715059584
0.002587711074900301
0.002425341211533395
0.0026017484903756694
0.0024284951761075397
0.0024235617113016294
0.0024147306753439595
0.0024020552177449256
0.0023855942226495863
0.0023654121558012342
0.0025126795183830312
0.0024838800271125804
0.0026224227876850913
0.0022568343889884748
0.0022201975400131728
0.0023445351055225725
0.0024580127873668604
0.0024063871862773163
0.002351356593097266
0.0024526316916510037
0.0023882643110388646
0.0023206482901169776
0.002396020661926284
0.0021725080525647382
0.0019615087846759794
0.0018864659812421589
0.0016929421253792322
0.0016135398399296761
0.001536877771786762
0.0014584760407885876
0.0014897195386209363
0.001201185039344254
0.0011291197412482354
0.0009715094357829232
0.0007393751759117544
0.0005970083381864922
0.0005391103958921846
0.0005603769422732621
0.0005527141342320855
0.0004884971116654123
0.00040085577502455553
0.0004200682542662786
0.000344160957446235
0.0002897227432350622
0.00018731782763232424
0.0001337432728440494
3.244745928948423e-05
-4.686955024150931e-05
-0.00012719002731997398
-0.00021030394878704162
-0.00028472953599597244
-0.0003673194227745747
-0.0004968529216625968
-0.0005909847888947749
-0.0006832167381328025
-0.0008372213408163361
-0.001014848985725952
-0.0010120943592841006
-0.001046932489761483
-0.001085088049969859
-0.0011053223921144645
-0.0011773242309822134
-0.0011707948601542778
-0.001233593636171892
-0.0013735021846792753
-0.0014346396146095364
-0.0015797619482233734
-0.0017253839699798161
-0.0018773889922537442
-0.0019354612043890672
-0.0021823708095216796
-0.0022384884865379946
-0.0025821267646103803
-0.0026379414933755192
-0.0024723724748730506
-0.00273517826475148
-0.002565252294844976
-0.0027074440362898793
-0.0025078563846782703
-0.0026403268814580334
-0.002659893365835347
-0.0027918380840636493
-0.002803230759163938
-0.002691717568325822
-0.002928270302537089
-0.0026908390374133584
-0.002801407640215559
-0.0026747007030550277
-0.002543739078901265
-0.0025258876376140385
-0.002504100889423116
-0.0025911091196983756
-0.0026714986897418305
-0.0025273025552608273
-0.002488985502721756
-0.0024469972447403537
-0.0025093441396388345
-0.0024584259840324052
-0.002302288045386963
-0.0022518323119170526
-0.0021935585179629537
-0.0020436635573424845
-0.0019825260313940237
-0.0017415095368615596
-0.0016812420319205032
-0.0016284377904339402
-0.0015643110172929
-0.0015709266255865787
-0.0015688109856169957
-0.0014886827198792054
-0.001344746644529604
-0.0012685416753246328
-0.0012022660094448605
-0.0011125075613922653
-0.0010797024159154842
-0.000995209157427656
-0.0009099377224697733
-0.0008592217805439355
-0.0007416136035164178
-0.000686126374403455
-0.0005952276191915377
-0.0005042659513541595
-0.000413390133696717
-0.0003152625919686283
-0.0002288980331322531
-0.000143021931645284
-6.138704958507678e-05
2.668831132810099e-05
0.00010228283456794552
0.00017323097987925537
0.00028575572285469337
0.00036960446012179087
0.0004673170959626597
0.0005293200230531331
0.000608570693118717
0.0006828089257086803
0.0007194508142574133
0.0007607462026708399
0.000787044388362296
0.0008209357939162004
0.0008307984672919434
0.0008808641199596841
0.0009768604705921544
0.0010233379779210933
0.0010701754588861691
0.0009940746160529636
0.0010342846478413935
0.0010075673166719129
0.0009087763179390991
0.0008648458460880428
0.0008860539359849255
0.0009055911195283063
0.0009951916892981473
0.0010146456597252848
0.0010322533111551291
0.0009727356715009877
0.0009093697383066838
0.0007672850216663008
0.0007742714859605598
0.0007007141304627225
0.000942492222618953
0.0009460150742039102
0.0007896679151680877
0.0007896685306195547
0.0009470437638621101
0.0008646273849520913
0.0007813671516092191
0.0007783148498814742
0.0006945771776571425
0.0006127739806589367
0.0006074079439692611
0.0005230349468427262
0.0005191803646514894
0.00066212354733363
0.0007247361806613703
0.0006429060246402645
0.0006322824121390299
0.0006191852125525352
0.0006070480392327734
0.0005923102075734949
0.0005748341034190785
0.0005584156037960402
0.00048709328151337237
0.0004714319185072391
0.00034262145767900704
0.00033005767806021076
0.00027440776880170346
0.0003534385145632434
0.0004272257813385526
0.0004059057108031881
0.0003841373700038287
0.0003969117350353289
0.0004092865471605053
0.0003812397695136953
0.0003502134683994348
0.0003215165417717442
0.000233091367784122
0.00020659017787781248
0.00018262920874506368
0.000172346633630811
0.00014563027451879637
0.0001410685901380262
0.00011485083322655789
8.04028192142748e-05
5.975015307481455e-05
2.7748384037235375e-05
-5.603158453105718e-06
-2.2602612245277793e-05
-6.51212612370865e-05
-0.00010508373267269905
-0.00015440797634376228
-0.0001909508534022112
-0.000248365444041003
-0.000262015670272233
-0.00033238441458660216
-0.0003704800193436187
-0.00045918436728146594
-0.0005252350824774112
-0.0005364079493563685
-0.0005423708240852528
-0.0005770017584946659
-0.0006103475122955453
-0.0006778766336695892
-0.0008216230568890379
-0.000896298951676787
-0.0008900034270604412
-0.0009669664970729115
-0.0009527822732393383
-0.001028429057250995
-0.0010552960892086015
-0.0010783297016983399
-0.0010045025485510718
-0.001075545012403069
-0.001094752602003858
-0.001111985792944125
-0.0011272362251287917
-0.0010880351194733474
-0.0010460013627407896
-0.0008949744523355389
-0.0009546793677914173
-0.0009591577859743665
-0.0008549234189021298
-0.0009100214567539345
-0.0009636231210676518
-0.0008559594037501828
-0.0008012633170622488
-0.0009024468213720199
-0.0007401124277677932
-0.000682968284292271
-0.0006273448084848042
-0.0005219310642705355
-0.0005630098588664286
-0.0006035522658976952
-0.0005437449996424754
-0.0005335523408179546
-0.0005682134873935425
-0.0005997891544900796
-0.0005857247749528346
-0.0006119652169668612
-0.0006334120955341279
-0.0006525679623058408
-0.0006353961546630638
-0.0006472260658966758
-0.0006242051390744774
-0.0005989742753681135
-0.0006069643500072558
-0.0006062688292723502
-0.000575713030284849
-0.0005445246949264859
-0.00042883982455705694
-0.00039313650710095415
-0.00038593781030097653
-0.00035609923131000817
-0.00029204188928353477
-0.00026529028693415114
-0.0002383736837641076
-0.00024527425512284643
-0.0002315378113566717
-0.00018311849718482656
-0.00016391298915872802
-0.00013139802339124312
-0.00010078053933117506
-6.417924180394409e-05
-3.669209180725386e-05
-1.9084425037712988e-05
7.259301205820119e-06
2.8890695288133477e-05
4.352804186050551e-05
6.566264556437165e-05
8.746939444443798e-05
0.00011834255498841258
0.00014100061805703173
0.00016469730748882805
0.00020345120467269218
0.00022601764795297192
0.00022681075243421314
0.00024829861872532904
0.00022286967893702023
0.00021808933990297358
0.00021011170207118664
0.0002465674023963421
0.0003151798294374496
0.00027597090906496984
0.00031714592086793265
0.0003595319262402253
0.00037218609021676276
0.000295325316647989
0.00027098405110363775
0.0002447916621360609
0.000284662077172706
0.00025716676972093366
0.0002960889075884918
0.000334351311597467
0.00033992095334516335
0.00030953124350655367
0.00031286250872645377
0.00028197681749952914
0.00021237064982183374
0.00014198588816525588
0.00021626418999935357
0.00018161701235589722
0.00014665814989573556
0.00018387788342628543
0.0002202538061360924
0.00022038092860631936
0.0002557997983468324
0.00025526531232344805
0.00021867147947537478
0.00021698547964546478
0.00018163235938970304
0.00014704696196181152
0.00017902237092931394
0.00017705223100001873
0.00017481344163049775
0.00017231233018100045
0.0001695555880303883
0.00016655025604573597
0.00013363380739919617
0.00010387170561286438
0.00010195258576829519
9.89572487692419e-05
4.4373918553832975e-05
1.6822485866432278e-05
3.829631060297902e-05
4.072665139392456e-05
6.32186088121085e-05
2.3729698638305484e-05
2.412238699493554e-05
7.931428015061293e-06
9.41167319290965e-06
-2.3417712662454274e-05
-1.9660710392699877e-05
-3.0088143369695538e-05
-2.1528164909466407e-05
-2.0234474840327546e-05
-3.640927876186968e-05
-4.041958900511985e-05
-4.2014581930638586e-05
-5.421550080875408e-05
-4.253619232242525e-05
-2.4497171059591414e-05
-6.598329967061143e-06
9.933107747692616e-06
3.056064805153596e-05
5.021142885621276e-05
6.95842826887519e-05
8.865043661801091e-05
0.00010020753559322538
0.00011251340145820914
0.00012116841645777545
0.0001448466288774739
0.00018038203529060188
0.00019699251010313326
0.00021407718399182096
0.00021558457641633732
0.00024385169622595672
0.0002600627893739178
0.0002739698063903578
0.0002872918589725047
0.0002977144023405223
0.00027237635938442354
0.00030270059758017473
0.01	10	1000	1	0.25	2