0.9855521317996523
0.9762211072562323
0.9680288648328107
0.9609773735046084
0.9511027015762633
0.9404186401795377
0.9269837420860987
0.9147551087817501
0.9017818045122323
0.8880860431126154
0.8736906080279802
0.8605004864043321
0.8447550005873511
0.8302172511794726
0.816838463786302
0.8045604685665895
0.7880661131345923
0.7709489634788539
0.7549558289077943
0.7383450434109781
0.7195020989279354
0.7001488653881002
0.6771881367404539
0.6569610245298785
0.6318501191903605
0.6137791336089493
0.5951544880960283
0.5746374482770041
0.5523795908215542
0.5298048797281563
0.5069383251670102
0.4826836672615784
0.4571184860892066
0.43153892938225263
0.4101025611316423
0.38824600819961924
0.3651785461462365
0.3427500775871764
0.32006863842554567
0.2962408914667025
0.268787686862189
0.2430424606850161
0.21991087113218608
0.19553734173762397
0.1675072782936981
0.14368070882347153
0.12036526442549483
0.09728812390461167
0.07344027653962175
0.050111817939105734
0.02681000154195192
0.0038917522009827197
-0.018801968891117488
-0.041358622308779895
-0.06389007937840212
-0.08597989140341854
-0.10794504240125326
-0.12944237014595672
-0.14984495324069377
-0.1687818553431759
-0.18832560715203625
-0.20947471262057643
-0.22994813882668103
-0.24961197040008853
-0.2675041005213984
-0.28559085275683743
-0.304025778627107
-0.3220771102762875
-0.33598939387800614
-0.3510434425393547
-0.36541576454535435
-0.38455386482973736
-0.39680822859564824
-0.41187731113298065
-0.4215308466530917
-0.434182718725266
-0.443600786877306
-0.45230517840471246
-0.4644988018682735
-0.47614315300597054
-0.48727579528840265
-0.4994269298973062
-0.5064017102342984
-0.5159208534442467
-0.5249034945646163
-0.5350242125391593
-0.5395927676092936
-0.5416781954430776
-0.5412684197831904
-0.5472548804299482
-0.5490774105261446
-0.5539506830040228
-0.5545397713077916
-0.5526108532792079
-0.5538245227760682
-0.5544873772158708
-0.5565261681122025
-0.5599885396608436
-0.5609676104678805
-0.5673414434205586
-0.5653251606246411
-0.5607783116726334
-0.5616702176985013
-0.5600697305364272
-0.5579629556478415
-0.5533502577207827
-0.5502435868272697
-0.5446552545323032
-0.5346244414630326
-0.5320800746257688
-0.5270873219561367
-0.5236087171934545
-0.521605028564922
-0.5133200057250403
-0.5007982524147232
-0.4936108479593196
-0.4879218783602435
-0.4780898507938526
-0.4679173466564274
-0.4610962574911116
-0.45026858642455375
-0.44261507503202885
-0.43287473384913316
-0.426180600439577
-0.4157345831527598
-0.4082555476570135
-0.3955243456410024
-0.3778446939381515
-0.3618107949675234
-0.3486985078352343
-0.33258614550505344
-0.32069876809591397
-0.30856742820571526
-0.2949546483569315
-0.28375105873266476
-0.2710930768974821
-0.25943652518114674
-0.24649543817100492
-0.23353562146437054
-0.21921825747472531
-0.20695497631583828
-0.18999298714185234
-0.17412753598953098
-0.15870198617021727
-0.14637596491229782
-0.13542688871463382
-0.12284646636270279
-0.1095421164978071
-0.0967532273638983
-0.0834365285778221
-0.07016172475397538
-0.057645919989163054
-0.04411114418798406
-0.031241494167848084
-0.018284432804804615
-0.00505933297159179
0.007702819750077142
0.020397887325378488
0.032798076390392304
0.044832499182807926
0.05622768329736313
0.06772960958079209
0.07893251522392553
0.08937422213686994
0.0986535204504889
0.11014883416619621
0.12115066832225115
0.13141696276563417
0.14213365166290798
0.15266599337756848
0.16226729420101416
0.17076402149290487
0.18075140217615376
0.19147908480117723
0.20214120015078724
0.2102889886899624
0.21851954745849325
0.22983455109920317
0.2387733874781353
0.2461012616898191
0.25456304329044416
0.2614505334897958
0.2694503263451448
0.2729072300991309
0.27439216774831116
0.2843117191077146
0.2879638130209501
0.2912447048368421
0.2940814999000151
0.2948902542795533
0.29523208155250613
0.2951484846717957
0.3015370223217933
0.3042103010462201
0.3083627973667041
0.3012655543659568
0.304717512051947
0.3041838926609941
0.3032452206304239
0.3000992878228432
0.2984320030647934
0.30034485120699433
0.3019867730490928
0.30531578564247736
0.30052383203734345
0.30133397240625737
0.2998754963803102
0.3001207148170156
0.2961022796584359
0.29181174239000923
0.2912595673573255
0.29244685152957856
0.2933641666824726
0.2880593324934516
0.28846114756664626
0.28463333685018205
0.28449405807847494
0.28021024097397107
0.2776464879324553
0.272890994056082
0.27362093541285204
0.27028059931585485
0.262992954394011
0.2592458962286665
0.25521991088337165
0.25454797686349206
0.24648270739834036
0.24007273308471264
0.23691900657269127
0.23345969965612454
0.22972245155824308
0.2225376256264139
0.21687012947309514
0.20944652028946678
0.20630568309459613
0.19996180439714903
0.19621153484099874
0.18802267973202566
0.18238982643782436
0.17650219679604562
0.17050332987589698
0.1652976482052467
0.15758911340843273
0.15180005760812976
0.1385239423459817
0.12959799550318907
0.12343288602880698
0.11346795386962204
0.10427101029922446
0.09525511064152031
0.08615460798047951
0.07909005363518759
0.06888741604476073
0.05992074878679095
0.050599821873261557
0.04188426216152228
0.032475874913855174
0.02458773545620556
0.01578205845060594
0.007320095826517067
-0.0009692213220764982
-0.009016343270192668
-0.01651582426951004
-0.024120850050349796
-0.03140378809047218
-0.03865932588920669
-0.046181572638520206
-0.05312084611351605
-0.059478485450446206
-0.06608317521188786
-0.07268679538069177
-0.07946722180192942
-0.08440115951544053
-0.08945162445913502
-0.09795059780369253
-0.1043564798778423
-0.11230178854559456
-0.11873150267666477
-0.1259222991558279
-0.13402927113094276
-0.1369235002117105
-0.14278322056657217
-0.14964487182507322
-0.15406420390232417
-0.15824873202941234
-0.16097024818818503
-0.1685968910119538
-0.17620736495950554
-0.18247696127276372
-0.18585240548707585
-0.19030290802300345
-0.1946317853270487
-0.1956544881840123
-0.19960178247830937
-0.2000251327204007
-0.20017164232742052
-0.2034844067112789
-0.2065218833907743
-0.20767684199828618
-0.2121473499134954
-0.20553238857719433
-0.2040663908351934
-0.20425887198157294
-0.2041804664188631
-0.20384653051413928
-0.20521977976600664
-0.20645134616238783
-0.2075141173588131
-0.2103521432685656
-0.2090565871823696
-0.2095506054795524
-0.2058741191373232
-0.19999714007297936
-0.1979251911857215
-0.19168536577477577
-0.18925087127762616
-0.19064107409024253
-0.18985998899255987
-0.18894012816910516
-0.18981548250802496
-0.1885358040522311
-0.18513030042215686
-0.19327312458937534
-0.19148147694520193
-0.18946726272947684
-0.18348944774774914
-0.18492977160074575
-0.17686628965399745
-0.17422890410324054
-0.16433086200263497
-0.15625611779829543
-0.15160293713326353
-0.1452362765335095
-0.13720712861413295
-0.13075255607283537
-0.1244417912567155
-0.11971687502344108
-0.11806434810834823
-0.11320482690107132
-0.11270597820646193
-0.1076865146933924
-0.10122367113440779
-0.0962747272393663
-0.09371378699341462
-0.08868928035556223
-0.08242768864040466
-0.07739510397635314
-0.06825283784622665
-0.06349035221897792
-0.059728028429822395
-0.054157345374571224
-0.049547462569387475
-0.04686044071634114
-0.04386110553270712
-0.04002911503758844
-0.03610553623430748
-0.03277470813912707
-0.02986822357453022
-0.026136476078600982
-0.02243975281608008
-0.01809603528867809
-0.014070087735183865
-0.009913026747149913
-0.005568443755427522
-0.0010034670991548764
0.003502385285934661
0.0080650217570859
0.012645097853871318
0.017273905216649593
0.02151335827785632
0.02593847560490301
0.029512921933591688
0.03346965831345069
0.037983474136161904
0.041581179700047904
0.0434104785953444
0.04652796468311422
0.05083395439886185
0.05375170517288167
0.05662223242163873
0.06005825866951543
0.060817563306548666
0.06476839493572546
0.06598904765515579
0.07004155452602724
0.073084580030914
0.07475366704059797
0.07756765879672699
0.08151302333933381
0.08668019859582882
0.09076210719666253
0.09347138429510937
0.09752395027405728
0.09864206165267046
0.09975545141699396
0.10065182612388024
0.10141456207740646
0.10664233825550025
0.10383006553049831
0.10570773179459078
0.1057719866157449
0.10742737864663482
0.10721104358931056
0.1032381342109696
0.10441782672366075
0.10924511413674826
0.11036749939971706
0.11326399715844661
0.11420648902001916
0.11692478861898702
0.11385617713564264
0.11641641597795994
0.11694268305568217
0.11343949650690402
0.11173923636077727
0.1138718487137839
0.10998827378695186
0.10996311456857831
0.11184792130724247
0.11364945126430291
0.11136365254003272
0.10898321229510984
0.1005620767737827
0.09803814635152797
0.0934844985861825
0.09476045117312461
0.09200852617538602
0.09503123207602703
0.08639422011111454
0.08352016869351328
0.08250123720837758
0.07769401353811499
0.07653224664843873
0.07355023318936753
0.07232792381520221
0.0692175863195702
0.06789790778141203
0.06657914949119645
0.06340307207082797
0.06023196946835514
0.058753906157294526
0.05565104275048536
0.05403492547226177
0.05548023113732638
0.050934121220738496
0.05346582175654519
0.05012366214518846
0.04690314388996617
0.047623731365332295
0.04184560781164917
0.04106284128499337
0.04028968489777048
0.03487971358736716
0.03404402021257654
0.03396326246690183
0.02990656011088414
0.02862322539168461
0.024888813206767068
0.022785742737963098
0.02071851855917611
0.019179711786664312
0.017508968630185986
0.01407306683591876
0.012372153843354194
0.00974597674506987
0.007967802035666131
0.00587286554794284
0.004394564913569125
0.002688610356056519
-0.0003917970793272803
-0.0028517560653271014
-0.005309142622612231
-0.007859606132678082
-0.010474262845157482
-0.01280216048347885
-0.015407054692304302
-0.01868337113344744
-0.022130896029020262
-0.025270378219221325
-0.027227430054638208
-0.029332076936324825
-0.030945072977502475
-0.033402129587425694
-0.03577305609987365
-0.0375873289603641
-0.03931382815381514
-0.042220112735026565
-0.04117018147956027
-0.040187885888961286
-0.04395341390339548
-0.04579627592096479
-0.04642747694949672
-0.04589567144025406
-0.04853830627215022
-0.0462269582819119
-0.04884102409404081
-0.048929167597870096
-0.05434983664014775
-0.05434489461716686
-0.052847629962537196
-0.0509318857923806
-0.05665705535792314
-0.056202410613658826
-0.05395643682335358
-0.053159285806534055
-0.05224655283641225
-0.05644678660180589
-0.05555487275182632
-0.05083293150091873
-0.05137188576174105
-0.05548829099857592
-0.057773834805162363
-0.05814979668939124
-0.06239517989130863
-0.05515956258976056
-0.055455386534419795
-0.05764718013194559
-0.05784826328992176
-0.05995561213492353
-0.05809743180348305
-0.05812921935576034
-0.05809603848322144
-0.06001361655417994
-0.061877118489326165
-0.06169948465129384
-0.05746526400548421
-0.055180746496597585
-0.05683098308169967
-0.058417293283525316
-0.059934664996954774
-0.06137816295500916
-0.06277158039964557
-0.06409931414430016
-0.06530115754996288
-0.060800105455609224
-0.0637603673258145
-0.06286142860050112
-0.0675691916338432
-0.06289491351754642
-0.061815500090222464
-0.062468420600321324
-0.06122131379401975
-0.06337604545236677
-0.062017965942749886
-0.0491876264129159
-0.04307696301034142
-0.0466410053984267
-0.04686223901278902
-0.04548441897511396
-0.046910028651005686
-0.04253449581717829
-0.039602267324829174
-0.040829351066315904
-0.03917933887541802
-0.036229924009014806
-0.0334854659045501
-0.03557752538372638
-0.03146934294064965
-0.02864609219609209
-0.02696951686832006
-0.02709595337846438
-0.02693119323900491
-0.024971840143025635
-0.021382646991593472
-0.02220874026089807
-0.0194968462070985
-0.01659805162544079
-0.015010024780887742
-0.011845199291547872
-0.010115633767463899
-0.006935980943450855
-0.004736287566596318
-0.0024727563101561755
-0.0004574508434266394
0.001069814335730582
0.0031434464475151975
0.00482112390851918
0.006554372999541476
0.008294740360073686
0.010267587340303315
0.011905059315032046
0.013664918125969275
0.01615507486653152
0.01800639041407796
0.019529769786949144
0.019356920736215248
0.02110004472461876
0.02325193068205968
0.025610592234479757
0.026510552330037934
0.028102755361346776
0.02961387569545652
0.030215725669119595
0.0335959816209933
0.035021186862314264
0.038653646124771485
0.040018205794520534
0.042590341555210826
0.041850162245535186
0.041829823402199026
0.04443231833257515
0.040217124379462225
0.04274206175557215
0.04518418793905264
0.04921238631847787
0.04574761927734044
0.04354686400333043
0.04434704572169811
0.04511016403305315
0.04586739736082253
0.04648786863748423
0.047166338547041366
0.054703367124638615
0.05892893463991837
0.056028466677580685
0.05294865281198983
0.05344614859021986
0.0501204310706605
0.04667448711737501
0.05083532317741042
0.04920680977963173
0.047489762944103356
0.04375984432669224
0.03799034579133196
0.042001461653533585
0.038052060934600736
0.042013157373060966
0.043969429737936716
0.04186746222916381
0.041726160521801864
0.041546462618067506
0.045316028170171274
0.04307307435389012
0.040801000248603427
0.04045679447095473
0.0361802802644624
0.035805851254000015
0.04314117527424829
0.04453733654250137
0.042084923350055925
0.039576055995860164
0.0427192242151304
0.04386673988480795
0.03949208735051785
0.042365130317909054
0.03980105822599591
0.044243009069692314
0.04151629863527121
0.0388705509622313
0.036290408316453186
0.03532698947686681
0.0310644049013399
0.03011020672033868
0.026199576219203786
0.02365712307975961
0.022831328080989043
0.023281625027416895
0.020997973639946477
0.015057179758896505
0.014310801480496219
0.013649818402245212
0.016131927927676225
0.0164027411048386
0.016358887955936288
0.015251599212447405
0.014130552752358153
0.013779637316967673
0.011741406325474404
0.009801665754292364
0.009360343701532802
0.009410145905291647
0.008054239400704799
0.006806339123647396
0.0055531448845616725
0.0033574095661888666
0.0021542217915193353
0.0017110629636656691
0.00111476160449451
-0.00021048769583256955
-0.0019753767291054492
-0.0032509637292965567
-0.004688922459918761
-0.006010760009187416
-0.007356308743218826
-0.00930944053560603
-0.01088025370522989
-0.01274068041736153
-0.014373637183543083
-0.01502855306654344
-0.016182740353618545
-0.016006747514790372
-0.01740837209370578
-0.01731140056275812
-0.016571004892311562
-0.01678530643850486
-0.017723139764411942
-0.017796313377557056
-0.019548724820552026
-0.020113728687966674
-0.019768296988747654
-0.019406993030766425
-0.022361730634101098
-0.020401299613729013
-0.018486049947134087
-0.01777060515169335
-0.0180673760532469
-0.01979376311257456
-0.020289485464154367
-0.02072702442287805
-0.019632175938817227
-0.019920459993623824
-0.021825439822279757
-0.01901997462370945
-0.017678132807343993
-0.014626993443536126
-0.008181950854157178
-0.011734517127306129
-0.013609702815885109
-0.015447802856995686
-0.011885630170265499
-0.011928289877429095
-0.015719549529511156
-0.01768803671109058
-0.01588966830092471
-0.023603213109812334
-0.023728973769498327
-0.021835130110221417
-0.017954361514015346
-0.017947122393777767
-0.016015376109056078
-0.014008569535052426
-0.011979812979760758
-0.009924561050964216
-0.015842745069497167
-0.01576784044496659
-0.013676064467622422
-0.011582646950035072
-0.013471886228443697
-0.015337312881486626
-0.01127679671952199
-0.013073141177086054
-0.00905351532128738
-0.010838590938257993
-0.012596425259578818
-0.010542675138805151
-0.010417029844816569
-0.012187720824943755
-0.015662287606406537
-0.020921069123912048
-0.01877621551755662
-0.018377050588876797
-0.01804052412275049
-0.016023188265319618
-0.02235003170153859
-0.021806603539242613
-0.021277189061949024
-0.02080459180832178
-0.01726248544215643
-0.012375577386497937
-0.010782071626970985
-0.009067305919116956
-0.0074321528809703505
-0.0057457452138292234
-0.0069095139333798005
-0.005439078558667289
-0.0030329858211832006
-0.0007763310369577737
0.001276965042678725
0.0002470766635117417
8.642055034936691e-05
0.0027965287501130662
0.0033895721259155956
0.005108660462430775
0.0032014571807052047
0.0029750673783135464
0.003984162593961698
0.0037530930075820815
0.0017494758360797542
0.0020460328658873333
0.001631419720029214
0.002104906216279977
0.002101332582532057
0.0013825985214382813
0.0012579694588068363
0.0010124155951288163
0.0005282211922384246
-7.798049471820973e-05
-0.0007454220851804286
-0.0012292987131261848
-0.002073594310573633
-0.003094706616759881
-0.004349922736421183
-0.00535909631380607
-0.006604309578601284
-0.008076735688331995
-0.00858892704322302
-0.009451540717364653
-0.012141893333584085
-0.01315783841684697
-0.01215227909850167
-0.01432787448308886
-0.015250524655915278
-0.01229702762585968
-0.01097447743866003
-0.01154553922406742
-0.013335739478076775
-0.013932342320876796
-0.015597892083217189
-0.013810932137273241
-0.014278005493774901
-0.014640917888684879
-0.015131079794173295
-0.01283203614008039
-0.01294982649139591
-0.014772113136290312
-0.012075507305850525
-0.017160939223202023
-0.017606191872017146
-0.016325139769245822
-0.014995812733173729
-0.01693215584623208
-0.015482370120881522
-0.01578422575452342
-0.017884221241896665
-0.018149289016475178
-0.02226403664657297
-0.01878297957106568
-0.02279734160523148
-0.023020397432122308
-0.01945194584406088
-0.021516073879079348
-0.021704113167032628
-0.019845712229845325
-0.015984315685325136
-0.016045823882562586
-0.01408238353230256
-0.01610465482793611
-0.024097341043504587
-0.02210033095646571
-0.0220853037406728
-0.02204994631600844
-0.020003422539540194
-0.021931227430335064
-0.023797261538892656
-0.023663967622320144
-0.023516931158798958
-0.019500409576860514
-0.02129251460917634
-0.019176034558839667
-0.019008296796472403
-0.018717345741778354
-0.016613647186015122
-0.01829376141605612
-0.01801235707317073
-0.019595050690531895
-0.01925324879101334
-0.015276233570879661
-0.01669942399356667
-0.019674300255499752
-0.020872644030429353
-0.020321734649953804
-0.024392060742024456
-0.026891713169049432
-0.02615777271274159
-0.026913362682041957
-0.026136788064141048
-0.025250247240766757
-0.02720837347204548
-0.02507352727604896
-0.022822515691218993
-0.024675017132002777
-0.01920863709966285
-0.01830450794023665
-0.018642225410135854
-0.01765484579123676
-0.017606329111859758
-0.018282299142305655
-0.017194088660335904
-0.01677290300690558
-0.016006796929234884
-0.015034947451035072
-0.012589362576319438
-0.010871880921210775
-0.010612928360336206
-0.00899287259049639
-0.0069134520037752315
-0.005122061018536597
-0.004050811495494598
-0.003428920369146288
-0.002316840806556542
-0.0014514001815119529
-0.00042188408673463394
0.0011561926593023257
0.002210267122589425
0.0032880478365723306
0.004157333981473108
0.005520514222385959
0.006705833352284106
0.007499924132113696
0.008494694284976316
0.008924765330073171
0.00906033801397567
0.010825631049193932
0.013247269392967727
0.015204800102616897
0.0163088905441368
0.017452394464404476
0.016686673191956863
0.017637202412736627
0.019518990302242217
0.018386931240494404
0.015833921141043632
0.01647082753275152
0.014507139477634923
0.013782289605539783
0.014423349813236291
0.014915819780821217
0.016820676602628697
0.020340806620445486
0.022335139941536724
0.022965017114757943
0.021951848804330678
0.024048791810613628
0.02116626829858093
0.023330267849000434
0.023941928043818204
0.02436711312460046
0.02127332751310624
0.019743618503616587
0.021855188674241664
0.020386703980678773
0.02250053236720921
0.026508308937829954
0.026750941220364657
0.030785957140831377
0.030986977250056228
0.02926764146100112
0.03338866121767509
0.03549408635210266
0.033662610986769474
0.03178256621984806
0.03188011760977285
0.031945313265452725
0.027983043681353507
0.023979377032077104
0.025968044109756058
0.027918798132747846
0.027832040922086184
0.03170027517436433
0.033564434064092506
0.031450271296252004
0.033159663926099356
0.03275321526809613
0.028689011732550496
0.024734278872851578
0.01882359266194675
0.016814368842891732
0.016609092029108388
0.016393827798258615
0.018014921876858707
0.01783258510087163
0.017552674165829864
0.017156775338548383
0.023273767900944504
0.021223612092565406
0.020660104746408014
0.01706911859857475
0.016532560633873254
0.014634675396424619
0.011349114269420191
0.008220409066849982
0.009144349647962591
0.010104396082570412
0.010866506245365129
0.010526810935550367
0.010936895838172844
0.008155777193723034
0.00976306191008488
0.007210678239029685
0.007708481184878894
0.009081901890948938
0.008475073355391787
0.007861344586337667
0.008946750120586286
0.007440140661419728
0.007580350931766723
0.0068884837242936805
0.004503477365512463
0.0034304767172581943
0.004120718593019124
0.003218657973126224
0.0031818636465827527
0.002275541596005105
0.0011885256779866245
0.0005982274917704767
-0.0003128309432434729
-0.0010136880343061085
-0.0014441375673513888
-0.0017637851657824081
-0.0017925722523063415
0.01	10	1000	0.25	1.5